9
6
3
4
5
6
7
8
6
0 9199112254625091580630011245644971030269192309624417166237195770358126660822 0 0 7638863883017601323685074390662206669986787444679248366958358844447420587084 0
0 9283365490280019499473412016928596972294618260559183981310232348712806470360 1 0 3400986040001337250719424422331291796562624614093356912267208339371004501080 1
0 795911939791745955813718950837529749656172327373764625240305703092271016737 1 0 18522194406370041946052384438354647468301413827365500541448275679010262606037 1
0 19186573079287442054202493471808941186829927284746950457968273637910583076030 1 0 118900573208547681636043986898460738132161810592776856480620652529931634217 1
0 14163505352585468070886918176745369042243910966452654155918613236509142468351 0 0 9130301148763691287221108676005644821062976183398087405782524002715889701413 0
0 11613811504974550050054315660262649550597854413928810582512282833166995986668 0 0 791595427189133899350570191375535110264926512099392222054756474985242332737 1
9
2
0
8
2
0 7815945304852130440394056545470559033260386848882204355093971926526314436554 5738866216704939876939272856392770383629351303080269110184944608712507968056 1 0 18098877823406880800639514460682097245995238620053265856104135109408846967635 1
0 20187368793890304220295662224034336541860589642621772789933799731414423963912 6007622050530609412362806376515403299024348659061773068649344941137676433273 1 0 16211801215698982445256757780442668849316890335628518935338127761243130122359 1
9
8
0
1
2
3
4
5
7
8
8
0 2620417457689673849343968592791181816364228348249211170734395162164216188657 1 0 20578010697326032655567031799518538492829612435408490416001871589684578987618 0
0 16138738819377124086913349369537624730901944359756695616619764533095897710168 1 0 6506177307577422897183418384002362198413187554758293613466590844750714151913 0
0 20944973000324386555210250442544602526439497204698627370873847859887074013981 0 0 20983546853649253552694563265894975547708129476913654110528842580879396619250 0
0 1481415008296624966103838715794006525250439621255501090966766995719029177002 1 0 21762830806601926169520461217703693288801479686357334723903286448564295937138 0
0 19426712987898090656678152825307835645250359374927700520653481756562560811505 0 0 10920591253569269930496549255789964246676213102653620012351413409586955410179 1
0 1481415008296624966103838715794006525250439621255501090966766995719029177002 1 0 21762830806601926169520461217703693288801479686357334723903286448564295937138 0
0 19905675480042934474024202909388931097130930462972583214745885290223501279887 0 0 6654228904646098891188601483432819311733763464102799295331631102518846951682 1
0 16425231637068961405542619143974009488395314929100874131173136631343294302914 0 0 18482949169465431181344121957633452817865936554926640645306084625567678987036 0
9
0 1 0
0 8042765261509356720750222486376622222606571616883590156450273943441448593719 1
0 11107560182650354461622409284506354486403565306361269728928916802500693003268 1
0 3838484224332515764261321524695616265535088673293287753521415567873192970961 1
0 14036119957951835275489233114500971452520904449076386067499836098935684058908 0
0 9851175969211516457153613018713805631606033986712379748865965081433360654200 0
0 13142528892542928994464437223247587499603459126121188359190346836692896700519 0
0 1364200338147414193548642339702562463515077931936687390341777746703327570799 1
0 13597377903071012817930020814082037160644617900851990711337131425997322443440 1
11
0 16889486482276625658275921618587046853120140433258529622860731623838905146409 0
0 9808905256890638271613206091562203030830031753485846959319123259132067110532 1
0 14297086826422088784561017013344240422649557654718018647915291695935503365605 0
0 18360372519507438905627020212323204156155391446328753458875106537889711554296 0
0 19254243573032102488892259217168947553467317533804398357032625009664323602148 1
0 8734380901724083990352399201370133779060968366960464105143988779532271372643 0
0 3838485868057229061031581208532394493841861210314856815109002586730225012994 0
0 9632039297405978388738217513378450226905481235989907671928966929283801848837 1
0 19976485700252008046029380998416862576178437642987079285251749529693615313484 1
0 16982353791790271975235662795075521462554387904810839863397958492301665561001 1
0 15483455845470454012004572756461947724260044251847067684961336981108406935472 1
1
6
6
1
3
1
1
0
1
1
2
1
1
4
1
1
0
1
1
0
3735928559
1
5
1
1
0
1
1
4
1
1
6
1
1
0
1
2
3
1
5
1
1
7
1
1
0
1
1
1
1
1
6
1
1
0
1
1
7
1
0 9918688985648932849466842548698142655695322276334121325405827824204681838530 15288919528384837035581517858615642453018613731240281827419628179370766848267 0
0 18252279163785097243938873215513525555830777286396892339107498527415193955999 1
0 1167513961838325813150355816583644408597926768337143352480699236570310453393 9093640987870333813156514238238229935468014222454977359087961822975932762416 0
0 6297959820354242477166646893781985643832273383373734921109204338170220800361 13212828652195572363722946361579004122608684414565344003617201007105097801215 0
0 18342290138604272839354426579289594330971186835693596882848708198473760661321 0
0 19457250215612504003366963376751444258716124502616024150565093493985004324674 3932465469294851862023173137017940429246002942408627669204639830201729058659 0
0 16966023225796747036421185157266319057466516778110556699557367484343345795906 2933097384868124405435305784357365069955559254355909502364933315852795693331 1
0 21099386646064266232958903676824930965417012820531774566646216217087708758498 0
1
1
0
1
0 20690970850154249747230566328026228639349500130739168325864370488328129858520 0


