0 11711446804219020356286695627928540200654212465375485742446385438370858815961 21845055790312657712595194312781979907584297208742304605936509789809897073535 2667916064714575191434378763981778516744191489356468544366865519766643402437 8383798620129836679681518454066369353147169807490479731410627531412170087266
0 5290577133030299790764207836831073655640264790337546503909895229236114289991 18794028324337569028805187367706664937365111968884486725493251844517084223068
0 9336246061484490876445406645056212568364434223509046826253874043234156795068 3446842707719028704384573830147922200195308102635520595422987980761044467903 21473398705443674966007604028976765146786358357996452741770693930851300159425 13144982572535216748327951987086592723335630978862013890662360965447291178634
0 10520527028557387526532185728841611771754593794427972227688871742275844888774 7213817738400813213518550936697148667076073272172930551060114968288564493871 8207400546544626279072197030048961732626704114040363359349722405016098905493 20109886942285999858322796674930380685400497354012677155027304036703215081542
0 5065213076099865559390969806688435060324012969343127044002300229124382216358 195841637742511362823956578648795287797072426558280399602850494056561647114
0 11725373323560613266756838980327011476844573500948878193771074360018192011502 14975587352549392733190650432065075210165300040332948254411102252849182739571 12192188073444675063404791348392996696406833409676999894767848955103843924722 2919335870299756631439251774006262402187436944123285151640719925900873214588
0 7613434721459618238352843827233017157279301245159538188125259149179112535571 1050749612411688992384373411516552634856181162131676113130402051110194315952 14625269334084136679066465251508279367536992256282035571822503526041587736350 4786995821887883966141366595741055645797239398259392344006876350739530294540
0 9372559981469694568590172177750352465203244041212125947273370262586729769697 17437188777152771442987923465499873636355262528890638232818421263530116454573
0
0
0


